
0.000127847262775
0.000115563903819
7.93112558313e-05
9.72842244664e-05
7.48423699406e-05
6.64575709379e-05
5.61582273804e-05
6.12645962974e-05
6.97034556651e-05
7.09753221599e-05
9.383323777e-05
0.000128953543026
0.000142469129059
0.000219831970753
0.000278414750937
0.000211162099731

Iteration: 6700

0.000188548918231
0.000109143511509
0.000106977320684
7.81686176197e-05
9.91040287772e-05
8.62100059749e-05
7.2926908615e-05
6.89369044267e-05
5.85970010434e-05
8.97765421541e-05
9.18758451007e-05
0.000113920643344
0.000120432792755
0.000180153030669
0.000240043882513
0.000344504544046
9.19797021197e-05
6.95392518537e-05
7.46250370867e-05
8.37721672724e-05
9.62710837484e-05
8.64573084982e-05
9.63295096881e-05
0.00013411269174
0.000169089995325
0.000140849573654
9.81695047813e-05
0.0001161666587
8.94943004823e-05
0.000176288696821
0.000166472309502
0.00018191889103
0.000134044355946
0.000110182561912
0.000113459769636
0.000114734051749
8.70554504218e-05
0.000113306290586
9.89934924291e-05
8.30133794807e-05
6.62863458274e-05
5.92270407651e-05
5.97646685492e-05
5.81974854867e-05
8.80811712705e-05
0.000116129602247
0.000116087183414
0.000167849997524
0.000254964223132
0.000244811322773
0.000255777704297
0.000150355757796
0.000124665137264
7.79818947194e-05
7.97710526967e-05
7.23716366338e-05
6.41508595436e-05
6.5315165557e-05
6.24391977908e-05
9.57990414463e-05
9.53192866291e-05
0.000102275960671
0.0001016804963
0.000144849342178
0.000213262013858
0.000358480639989
0.000113345624413
0.000111999746878
0.000125613616547
0.000117822157335
0.000109348504338
8.02015856607e-05
7.87026510807e-05
0.000106179373688
0.00012708696886
0.00011653394904
8.90528754098e-05
9.58802338573e-05
7.96615931904e-05
0.000149657411384
0.00017953979841
0.000233652041061
0.000175284643774
0.000127685867483
0.000124011887237
0.00011274022836
7.82187416917e-05
9.69248212641e-05
7.51121697249e-05
6.6653599788e-05
5.61597626074e-05
6.14851160208e-05
6.98400981491e-05
7.12189794285e-05
9.43356790231e-05
0.000129635955091
0.000142509263242
0.000221391470404
0.00027559325099
0.000207948658499

Iteration: 6800

0.000185566052096
0.000107530853711
0.000105664461444
7.80248446972e-05
9.99222247628e-05
8.61665030243e-05
7.2503768024e-05
6.84051556163e-05
5.8046553022e-05
8.82376043592e-05
9.13478434086e-05
0.000114676658995
0.000121155731904
0.000181371666258
0.000239919376327
0.000341700448189
8.94551267265e-05
6.69542278047e-05
7.15761561878e-05
8.09407938505e-05
9.38921803026e-05
8.55135949678e-05
9.63406491792e-05
0.000134330577566
0.000171266161487
0.000143367535202
0.000100465702417
0.00011839364015
8.9922999905e-05
0.000175895751454
0.000164898738149
0.000179178663529
0.000131567256176
0.000107835650851
0.000110931832751
0.000112113462819
8.56261103763e-05
0.000112501831609
9.90055123111e-05
8.32412406453e-05
6.65304396534e-05
6.01386418566e-05
6.08760637988e-05
5.90482850384e-05
8.94726545084e-05
0.000117953517474
0.000117348812637
0.000169147300767
0.000252938538324
0.000240231252974
0.000249612319749
0.000146811798913
0.000123028643429
7.74568106863e-05
7.9944904428e-05
7.26407306502e-05
6.46938060527e-05
6.60400983179e-05
6.28649722785e-05
9.60816832958e-05
9.58087621257e-05
0.00010388532246
0.000102595382486
0.000146370963193
0.00021315808408
0.000354096817318
0.000110381442937
0.000107947875222
0.000120885997603
0.000114741153084
0.000107642008516
7.99680856289e-05
7.94763982412e-05
0.000107495448901
0.000129719235701
0.000118928830489
9.0480025392e-05
9.71270128503e-05
7.97070824774e-05
0.000151579311932
0.00018029237981
0.000230593650485
0.000170195213286
0.000122787736473
0.000119795695355
0.000110122979095
7.77175446274e-05
9.74663853412e-05
7.64461728977e-05
6.79605145706e-05
5.69456096855e-05
6.19890051894e-05
6.99188385624e-05
7.12449182174e-05
9.4283677754e-05
0.000129549269332
0.000142200122355
0.000221895141294
0.000273786630714
0.000204422773095

Iteration: 6900

0.000182013231097
0.000106407002022
0.000100113320514
7.51144834794e-05
9.94065194391e-05
8.99614969967e-05
7.75679072831e-05
7.34737041057e-05
5.99331287958e-05
8.8294116722e-05
8.8688408141e-05
0.00011105385056
0.000117055606097
0.000174945613253
0.00023511708423
0.000336087017786
9.08308211365e-05
6.91527384333e-05
7.4782052252e-05
8.48456620588e-05
9.77069867076e-05
8.78479768289e-05
9.71315675997e-05
0.000133181601996
0.000167227859492
0.000138718009111
9.68002495938e-05
0.00011466412252
8.8982982561e-05
0.000173625216121
0.000163721779245
0.000179496433702
0.000132954359287
0.000109924512799
0.000113630041596
0.000114578389912
8.61817024997e-05
0.000112339992484
9.84668295132e-05
8.22147485451e-05
6.5518579504e-05
5.81944586884e-05
5.8567711676e-05
5.6886638049e-05
8.61987500684e-05
0.000113490052172
0.000114397284051
0.000164742043125
0.000252837897278
0.000243835689616
0.000254106824286
0.000148868974065
0.00012140662875
7.63631542213e-05
7.82080678619e-05
7.19685704098e-05
6.40179641778e-05
6.55898911646e-05
6.35236501694e-05
9.73921123659e-05
9.55006180448e-05
0.000100534991361
9.91459673969e-05
0.000140989839565
0.00020861151279
0.000350141956005
0.000113321839308
0.00011206765339
0.000125581849716
0.000117966766993
0.00010894935258
7.93856524979e-05
7.8188822954e-05
0.000105324339529
0.000126244704006
0.000115735849249
8.76509147929e-05
9.38386801863e-05
7.82323331805e-05
0.000147333543282
0.000177439957042
0.000230985140661
0.000173705891939
0.000127011662698
0.000123841993627
0.000112804875243
7.78722605901e-05
9.61085170275e-05
7.47874364606e-05
6.62589227431e-05
5.55031219847e-05
6.02694053669e-05
6.81449964759e-05
6.96130373399e-05
9.2506656074e-05
0.000126962462673
0.000140026822919
0.000216212909436
0.000272625416983
0.000207799486816

Iteration: 7000

0.00018677553453
0.000108473977889
0.000105643201096
7.68448589952e-05
9.72092602751e-05
8.4260944277e-05
7.12938199285e-05
6.74984912621e-05
5.76308229938e-05
8.76168705872e-05
9.0170702606e-05
0.000112226538477
0.000118595409731
0.000179546826985
0.000238027540036
0.000338750134688
8.89490911504e-05
6.62672464387e-05
7.05244456185e-05
7.96449385234e-05
9.26601569518e-05
8.47291448736e-05
9.57083684625e-05
0.000133374735015
0.000169786071638
0.000142470322317
9.98985706246e-05
0.000117845986097
8.93701217137e-05
0.000174365268322
0.00016238943499
0.00017583022418
0.00012912247621
0.00010645713337
0.000110014574602
0.000111602174002
8.4985869762e-05
0.00011190706573
9.84963116935e-05
8.23221052997e-05
6.58137287246e-05
5.97625730734e-05
6.05398308835e-05
5.85119923926e-05
8.80467923707e-05
0.000115439550427
0.000114446600492
0.000165913050296
0.000247493531788
0.000237813655986
0.000249836128205
0.000147044615005
0.000123667210573
7.78399698902e-05
8.07952092146e-05
7.20680836821e-05
6.37769990135e-05
6.4670057327e-05
6.0733720602e-05
9.06274217414e-05
9.09956434043e-05
0.000101229969005
0.000101654324681
0.000146101316204
0.000214786239667
0.000355294323526
0.000109445383714
0.000106724983198
0.000119351105241
0.000112686226203
0.000105070786958
7.75925000198e-05
7.70043261582e-05
0.00010440335609
0.00012736293138
0.000118394149467
9.11335955607e-05
9.80302429525e-05
8.01492060418e-05
0.000152319989866
0.000180541741429
0.000229126162594
0.000167845399119
0.00012087925279
0.000117655159556
0.000108054278826
7.63492571423e-05
9.57468291745e-05
7.4680763646e-05
6.6047454311e-05
5.52107812837e-05
6.06036519457e-05
6.86913263053e-05
7.09000960342e-05
9.37208969845e-05
0.000128803105326
0.000140456977533
0.000224548159167
0.000269153999398
0.000201200760785

Iteration: 7100

0.000179314985871
0.000105483188236
9.71462213784e-05
7.39334063837e-05
0.000100272729469
9.19763115235e-05
7.89917030488e-05
7.36847723601e-05
5.88980619796e-05
8.45276226755e-05
8.61146108946e-05
0.000110243003292
0.000116447685286
0.000175031687832
0.000234714098042
0.000332710391376
8.75165787875e-05
6.59890720272e-05
7.12185938028e-05
8.07363685453e-05
9.41448161029e-05
8.61190346768e-05
9.68614040175e-05
0.000133443070808
0.000168543701875
0.000140502437716
9.8305332358e-05
0.00011589811038
8.83491738932e-05
0.000172064872459
0.000161704825587
0.000176712026587
0.000130512897158
0.000107915664557
0.000111144545372
0.000111732188088
8.44602909638e-05
0.000111008273961
9.78370226221e-05
8.21498979349e-05
6.58627977828e-05
5.92824762862e-05
5.99467202846e-05
5.79761217523e-05
8.70934309205e-05
0.000113694091851
0.000113578535093
0.000162240379723
0.000247411808232
0.000238531065406
0.000250117096584
0.000147004931932
0.000121744305943
7.61748888181e-05
7.80441914685e-05
7.16643407941e-05
6.32711453363e-05
6.35753749521e-05
6.16109537077e-05
9.57399242907e-05
9.64935170487e-05
0.000102158184745
0.000100261437183
0.000140905132866
0.00020553151262
0.000345644366462
0.00011128350161
0.000110227949335
0.000123662452097
0.000115884795377
0.000107202700747
7.83365539974e-05
7.75975786382e-05
0.000105407380033
0.000126745842863
0.000115721159091
8.70947696967e-05
9.25587810343e-05
7.68117970438e-05
0.000145114812767
0.000175080174813
0.000227953220019
0.000171830324689
0.000125766469864
0.000122610450489
0.000111662433483
7.695388922e-05
9.53735288931e-05
7.46833975427e-05
6.60331133986e-05
5.51394587092e-05
5.97459147684e-05
6.74054390402e-05
6.86842176947e-05
9.12735704333e-05
0.000124905636767
0.000137423412525
0.000214052008232
0.000268308445811
0.000205042801099

Iteration: 7200

0.000185385957593
0.00010837449372
0.000105265367893
7.69625767134e-05
9.76566952886e-05
8.43758025439e-05
7.09484884283e-05
6.67162603349e-05
5.66527487535e-05
8.52414086694e-05
8.78622668097e-05
0.000110332643089
0.000117186034913
0.000179065027623
0.000238107517362
0.000336484255968
8.68023344083e-05
6.42253435217e-05
6.82274112478e-05
7.68142417655e-05
9.01947496459e-05
8.35180981085e-05
9.52981718001e-05
0.000132967485115
0.000169584993273
0.000142394303111
0.000100311823189
0.000118175186799
8.89052971615e-05
0.000173888256541
0.000161567499163
0.000173877459019
0.00012681123917
0.000103907172161
0.000107110499812
0.000108456144517
8.31850338727e-05
0.000110652064905
9.82419587672e-05
8.2486672909e-05
6.58610006212e-05
5.98005135544e-05
6.04914785072e-05
5.84344270464e-05
8.79925210029e-05
0.000116035436804
0.000114430018584
0.000165089935763
0.000242917099968
0.000233050479437
0.000246089475695
0.000145172511111
0.000124393976876
7.76870292611e-05
8.02990252851e-05
7.08096049493e-05
6.21981671429e-05
6.24641907052e-05
5.90034542256e-05
8.91702147783e-05
9.16613062145e-05
0.00010346891213
0.000103685284557
0.000148255290696
0.00021389653557
0.000350140646333
0.000106131497887
0.000102591628092
0.000114817150461
0.000108812484541
0.000102634192444
7.67082819948e-05
7.70584447309e-05
0.000105308674392
0.000129330481286
0.000120235861687
9.2269750894e-05
9.86178420135e-05
7.93656290625e-05
0.000151446758537
0.000178457208676
0.000224440329475
0.000163927121321
0.000117751631478
0.000114836540888
0.000105639875983
7.50949111534e-05
9.51645706664e-05
7.50454346417e-05
6.60256991978e-05
5.48896387045e-05
6.04005690548e-05
6.86634011799e-05
7.12261753506e-05
9.41704638535e-05
0.000129027175717
0.000139273848617
0.000223591181566
0.000263961585006
0.000196917448193

Iteration: 7300

0.00017568533076
0.000104890983494
8.99158258107e-05
6.82786339894e-05
8.8677254098e-05
9.0762929176e-05
9.1732814326e-05
9.56959702307e-05
7.16515423846e-05
9.49478562688e-05
8.60601721797e-05
0.000104209277197
0.000105223487481
0.000156952810357
0.000215281179408
0.000309048744384
9.06099085114e-05
6.98837538948e-05
7.67139208619e-05
8.63823079271e-05
0.000101864337921
9.25426502363e-05
0.000104262282548
0.000143898869283
0.000173362161149
0.000135291717015
8.6042608018e-05
9.79541437118e-05
7.81703492976e-05
0.00015189795522
0.000147751998156
0.000170037179487
0.000136028800625
0.000119576652651
0.000129334541271
0.000129404186737
9.24738269532e-05
0.000116879331472
0.000100248900708
8.24860762805e-05
6.46884654998e-05
5.61963315704e-05
5.66155831621e-05
5.44249123777e-05
7.87154203863e-05
9.67182859313e-05
9.56535877776e-05
0.000139054012834
0.000222739487072
0.000238225708017
0.000274101097602
0.000169312697835
0.000134832269396
8.31715442473e-05
8.35164828459e-05
7.37242444302e-05
6.24576932751e-05
6.34470998193e-05
6.08599402767e-05
8.74203178682e-05
8.09067278169e-05
8.37418338051e-05
8.51933145896e-05
0.000120241973491
0.000189578859136
0.000345357781043
0.000122294790344
0.000128304280224
0.000146831895108
0.00013422248594
0.000117934192531
8.05475428933e-05
7.44006683817e-05
9.64733626461e-05
0.000110996188596
0.000100376935734
7.65647637309e-05
8.08730037534e-05
7.14310008334e-05
0.000126952683786
0.000157837552251
0.000228047792916
0.000195051572518
0.00015354253992
0.000147966871737
0.000127918276121
7.89118930697e-05
8.83499742486e-05
6.35797041468e-05
5.29716999154e-05
4.26144506491e-05
4.77710709674e-05
5.88991679251e-05
6.61026861053e-05
9.18850855669e-05
0.000123807039927
0.000134065106977
0.000202568480745
0.000266198185273
0.00021109325462

Iteration: 7400

0.000193868254428
0.000114358845167
0.000106218714791
7.70726328483e-05
9.59092139965e-05
8.64623725647e-05
7.41915646358e-05
6.91677123541e-05
5.75180565647e-05
8.56948754517e-05
8.22247384349e-05
9.77033632807e-05
0.000103475547803
0.000169049366377
0.000239978035097
0.000344263447914
9.25012063817e-05
6.54720206512e-05
6.62369275233e-05
6.90411616233e-05
8.10163182905e-05
7.64199066907e-05
9.42432670854e-05
0.000145201673149
0.000190657534404
0.00015206488024
9.58426680882e-05
0.000100616482086
6.94309492246e-05
0.000138219940709
0.000146099249832
0.000177267531399
0.000143140903674
0.00012069017248
0.00012198924378
0.000116238326882
8.14017985249e-05
0.000101661891676
8.07834876468e-05
6.5573338361e-05
4.75701745017e-05
5.18174965691e-05
6.85172053636e-05
7.73202045821e-05
0.000141867392813
0.000183628639206
0.000147752725752
0.000187695564819
0.000205982287298
0.000164070370374
0.000154862413183
0.000107418672997
0.000102719393908
8.48838026286e-05
0.000106198087451
0.000104763035779
9.55940267886e-05
9.82814017334e-05
7.71501217969e-05
0.000104205173557
8.57531194924e-05
9.33566043386e-05
9.06619534362e-05
0.000142549804877
0.00020317840972
0.000306603877107
8.86096531758e-05
7.6159281889e-05
8.44066089485e-05
9.18917503441e-05
0.000104741251562
9.42315891734e-05
0.000108473424916
0.000152157183038
0.000176081754034
0.000133369961986
8.22695874376e-05
8.48152558319e-05
6.81805977365e-05
0.000112466492283
0.000116433737276
0.000153086119099
0.000147864891915
0.000142511475133
0.000163140983204
0.000173563719727
0.00011848367285
0.000134238362079
8.87090427568e-05
5.97288126301e-05
3.69885019609e-05
2.99009207083e-05
3.00003248412e-05
3.4635191696e-05
5.73037032154e-05
8.78947685123e-05
0.00010824007768
0.000167947102454
0.000286520691589
0.000262879155343

Iteration: 7500

0.000233504310017
0.000132985209348
0.000108509462734
8.33121157484e-05
9.60905890679e-05
9.76859446382e-05
8.78704231582e-05
7.35876747058e-05
7.35951252864e-05
6.13261581748e-05
6.69179717079e-05
7.74073414505e-05
5.17856497027e-05
6.08356313023e-05
0.000103306862002
0.000228283504839
0.000175505556399
0.000221902228077
0.00024754711194
0.000190810460481
0.000137716444442
7.31794716557e-05
5.79616535106e-05
6.95932321833e-05
8.10755736893e-05
7.83114082878e-05
6.06043140579e-05
7.83824216342e-05
0.000113470654469
0.000156605005031
0.000158510447363
0.000200058057089
0.000181096751476
0.000143315279274
0.00013613300689
0.000121474811749
8.88323120307e-05
0.000118171636132
9.6324030892e-05
7.53252606955e-05
5.20323519595e-05
5.31290424988e-05
4.81326496811e-05
4.86385069962e-05
5.0845916121e-05
6.96623901604e-05
7.64802389313e-05
0.000187425990589
0.000234977342188
0.000264903443167
0.000285186746623
0.000175017601578
0.000112386609544
7.41927287891e-05
7.38734815968e-05
6.93657566444e-05
5.79248116992e-05
5.23251837876e-05
5.16345498909e-05
6.9447873102e-05
8.3579972852e-05
0.000106450926978
0.000122715558973
0.000154437700985
0.000196045410121
0.00034192041494
0.000114124835818
9.64074351941e-05
0.000100048178865
9.83032878139e-05
9.62308622547e-05
7.37800291972e-05
7.54310167395e-05
0.000110244880489
0.000136954127811
0.000118295058201
7.82251372584e-05
9.82394776656e-05
9.14672637009e-05
0.000182977557415
0.000171522813616
0.000185040989891
0.000134826201247
0.000101208803244
9.81617267826e-05
0.000109820488433
9.42939295783e-05
0.000116770810564
8.83914035512e-05
6.74736002111e-05
5.34999780939e-05
4.94355444971e-05
5.11744401592e-05
5.3177751397e-05
7.28374361643e-05
9.62228368735e-05
8.97103964235e-05
0.00015089889348
0.000222714472329
0.00025656199432

Iteration: 7600

0.000297754479107
0.000204033989576
0.000116014969535
8.81769447005e-05
7.19155505067e-05
8.24613016448e-05
6.6005057306e-05
4.76357563457e-05
4.27578452218e-05
4.14001333411e-05
5.2361330745e-05
7.83947325544e-05
9.29791858653e-05
0.000160471565323
0.000247741030762
0.000415168295149
0.00010972477321
8.29924101708e-05
8.51457662066e-05
7.80874834163e-05
7.75609369157e-05
6.30692375125e-05
6.72825699439e-05
0.000102173362393
0.000133090143208
0.000126836035633
9.06055574887e-05
0.000119914751849
0.000107210922579
0.000218519970076
0.000187864468899
0.000177964800969
0.000114473725262
8.09648336144e-05
7.73307401687e-05
8.92702882993e-05
9.50665053097e-05
0.000120243799756
8.91905801836e-05
7.10507883923e-05
4.94420528412e-05
4.58868526039e-05
4.41515585408e-05
4.11503206124e-05
6.13310403423e-05
9.95922164293e-05
0.000125841121189
0.000253225531196
0.000334868353093
0.000255210179603
0.000203066898393
0.000114187205327
6.32333249087e-05
6.22459192527e-05
5.68547402509e-05
6.62741222186e-05
5.57031526114e-05
4.41797456006e-05
4.69127044198e-05
5.74106124986e-05
8.18979606265e-05
0.000125589416712
0.00013522352674
0.000235741579672
0.000292001233902
0.000381662801374
8.06420648587e-05
4.5232634875e-05
3.3974127291e-05
2.92405402433e-05
3.07181398966e-05
3.19014070556e-05
3.87897562177e-05
6.80169541738e-05
0.000117057446914
0.00014197359269
0.000130602027639
0.000179602211574
0.000144235178595
0.000310830626404
0.000226505406317
0.000183016396477
9.65567669482e-05
6.20532446192e-05
6.41029910184e-05
7.41314288462e-05
5.74528130528e-05
6.33869785815e-05
4.90158745379e-05
4.42012133135e-05
3.62035571015e-05
4.37775524915e-05
5.14879757247e-05
5.88781658735e-05
0.000102074816823
0.000170688770595
0.000189178666915
0.000339689373504
0.00030736302142
0.000188797654118
